3,1
3,3
10,226
10,171
10,80
10,232
10,132
10,70
10,245
11,7
9,7
8,11
8,6
8,9
8,7
8,12
20,3
20,2
20,1
19,2
19,3
19,1
12,3
12,2
12,1
11,30
11,29
11,28
11,27
11,26
11,25
11,24
11,23
11,22
11,21
11,20
11,19
11,18
11,17
11,15
11,14
11,13
11,12
11,11
11,10
11,9
11,8
11,6
11,5
11,4
11,3
11,2
11,1
10,314
10,313
10,312
10,311
10,310
10,309
10,308
10,307
10,306
10,305
10,304
10,303
10,302
10,301
10,300
10,279
10,247
10,237
10,220
10,178
10,145
18,1
10,1
18,3
10,73
10,3
10,2
9,6
9,1
9,4
9,3
9,2
8,15
8,14
8,13
8,8
8,1
8,5
8,3
8,2
2,2
2,1
3,2
2,3
0,0
41,1
41,76
41,3
36,3
36,1
14,8
36,5
40,5
46,3
40,64
46,5
40,3
46,1
40,1
46,4
40,4
14,9
13,1
14,6
